200
5 5 8 10
5 5 1000 1000
5 10 13 15
5 10 1000 1000
5 15 18 20
5 15 1000 1000
5 20 23 25
5 20 1000 1000
5 25 28 30
5 25 1000 1000
5 30 33 35
5 30 1000 1000
5 35 38 40
5 35 1000 1000
5 40 43 45
5 40 1000 1000
5 45 48 50
5 45 1000 1000
5 50 53 55
5 50 1000 1000
10 5 13 15
10 5 1000 1000
10 10 18 20
10 10 1000 1000
10 15 23 25
10 15 1000 1000
10 20 28 30
10 20 1000 1000
10 25 33 35
10 25 1000 1000
10 30 38 40
10 30 1000 1000
10 35 43 45
10 35 1000 1000
10 40 48 50
10 40 1000 1000
10 45 53 55
10 45 1000 1000
10 50 58 60
10 50 1000 1000
15 5 18 20
15 5 1000 1000
15 10 23 25
15 10 1000 1000
15 15 28 30
15 15 1000 1000
15 20 33 35
15 20 1000 1000
15 25 38 40
15 25 1000 1000
15 30 43 45
15 30 1000 1000
15 35 48 50
15 35 1000 1000
15 40 53 55
15 40 1000 1000
15 45 58 60
15 45 1000 1000
15 50 63 65
15 50 1000 1000
20 5 23 25
20 5 1000 1000
20 10 28 30
20 10 1000 1000
20 15 33 35
20 15 1000 1000
20 20 38 40
20 20 1000 1000
20 25 43 45
20 25 1000 1000
20 30 48 50
20 30 1000 1000
20 35 53 55
20 35 1000 1000
20 40 58 60
20 40 1000 1000
20 45 63 65
20 45 1000 1000
20 50 68 70
20 50 1000 1000
25 5 28 30
25 5 1000 1000
25 10 33 35
25 10 1000 1000
25 15 38 40
25 15 1000 1000
25 20 43 45
25 20 1000 1000
25 25 48 50
25 25 1000 1000
25 30 53 55
25 30 1000 1000
25 35 58 60
25 35 1000 1000
25 40 63 65
25 40 1000 1000
25 45 68 70
25 45 1000 1000
25 50 73 75
25 50 1000 1000
30 5 33 35
30 5 1000 1000
30 10 38 40
30 10 1000 1000
30 15 43 45
30 15 1000 1000
30 20 48 50
30 20 1000 1000
30 25 53 55
30 25 1000 1000
30 30 58 60
30 30 1000 1000
30 35 63 65
30 35 1000 1000
30 40 68 70
30 40 1000 1000
30 45 73 75
30 45 1000 1000
30 50 78 80
30 50 1000 1000
35 5 38 40
35 5 1000 1000
35 10 43 45
35 10 1000 1000
35 15 48 50
35 15 1000 1000
35 20 53 55
35 20 1000 1000
35 25 58 60
35 25 1000 1000
35 30 63 65
35 30 1000 1000
35 35 68 70
35 35 1000 1000
35 40 73 75
35 40 1000 1000
35 45 78 80
35 45 1000 1000
35 50 83 85
35 50 1000 1000
40 5 43 45
40 5 1000 1000
40 10 48 50
40 10 1000 1000
40 15 53 55
40 15 1000 1000
40 20 58 60
40 20 1000 1000
40 25 63 65
40 25 1000 1000
40 30 68 70
40 30 1000 1000
40 35 73 75
40 35 1000 1000
40 40 78 80
40 40 1000 1000
40 45 83 85
40 45 1000 1000
40 50 88 90
40 50 1000 1000
45 5 48 50
45 5 1000 1000
45 10 53 55
45 10 1000 1000
45 15 58 60
45 15 1000 1000
45 20 63 65
45 20 1000 1000
45 25 68 70
45 25 1000 1000
45 30 73 75
45 30 1000 1000
45 35 78 80
45 35 1000 1000
45 40 83 85
45 40 1000 1000
45 45 88 90
45 45 1000 1000
45 50 93 95
45 50 1000 1000
50 5 53 55
50 5 1000 1000
50 10 58 60
50 10 1000 1000
50 15 63 65
50 15 1000 1000
50 20 68 70
50 20 1000 1000
50 25 73 75
50 25 1000 1000
50 30 78 80
50 30 1000 1000
50 35 83 85
50 35 1000 1000
50 40 88 90
50 40 1000 1000
50 45 93 95
50 45 1000 1000
50 50 98 100
50 50 1000 1000
